radar:
  base_radar_config:
    file_name: ori_radar.bin
    radars:
      - radar_config:
          topic: /rs/front_radar
          calibration:
            x: 3.4
            y: 0
            yaw: 0.027
      # - radar_config:
      #     topic: /rs/back_radar
      #     calibration:
      #       yaw: 0
      #       y: 0
      #       x: 0
gps:
  calibration:
    roll: 0
    y: 0
    x: 0
    z: -0.15
    yaw: 0
    pitch: 0
  topic: /rs/gps
rtk_odom:
  topic: /rs/odom
imu:
  topic: /rs/imu
lidar:
  - lidar_config:
      frame_id: /middle_lidar
      model: RS128
      calibration:
        z: 2.026953
        x: 1
        y: 0
        roll: -0.04761401191353798
        pitch: 0.002960997207222319
        yaw: -1.582533121109009
      tovcs: [
        [-0.01173647,  0.99879952,  0.04755803,  1.],
        [-0.99992674, -0.0115823 , -0.00351605,  0.],
        [-0.00296099, -0.04759581,  0.99886229,  2.026953],
        [ 0.        ,  0.        ,  0.        ,  1.]
      ]
      packet_topic: /middle/rslidar_packets
      is_base: true
      difop_packet_topic: /middle/rslidar_packets_difop
  - lidar_config:
      calibration:
        x: 1.125386
        y: 0.688901
        z: 1.784533
        roll: -1.256333
        pitch: 0.050433
        yaw: -0.03431500000000002
      tovcs: [
        [ 0.99814057, -0.03729958,  0.04820932,  1.125386  ],
        [-0.03426464,  0.31076879,  0.94986772,  0.688901  ],
        [-0.05041162, -0.94975339,  0.30891288,  1.784533  ],
        [ 0.        ,  0.        ,  0.        ,  1.        ]
      ]
      packet_topic: /left/rslidar_packets
      difop_packet_topic: /left/rslidar_packets_difop
      frame_id: /left_lidar
      model: RSBP
  - lidar_config:
      packet_topic: /right/rslidar_packets
      calibration:
        x: 1.258
        y: -0.7960000000000002
        z: 1.678
        roll: 1.247
        pitch: 0.04500000000000001
        yaw: 0.003999999999999993
      tovcs: [
        [ 0.99897968,  0.04137414,  0.01810474,  1.258     ],
        [ 0.00399594,  0.31833594, -0.94796955, -0.796     ],
        [-0.04498481,  0.94707466,  0.3178458 ,  1.678     ],
        [ 0.        ,  0.        ,  0.        ,  1.        ]
      ]
      model: RSBP
      frame_id: /right_lidar
      difop_packet_topic: /right/rslidar_packets_difop
camera:
  - camera_config:
      topic: /camera/XFV/FRONT/compressed_image
      frame_id: FRONT
      pose:
        x: 1.84905231
        y: 0.00239131
        z: 1.399816
        roll: -1.5881306930290444
        pitch: 0.004559810042772444
        yaw: -1.5550934897097881
      tovcs: [
        [ 0.01570203, -0.01740295,  0.99972525,  1.84905231],
        [-0.99986632,  0.00428637,  0.01577886,  0.00239131],
        [-0.00455979, -0.99983937, -0.01733332,  1.399816  ],
        [ 0.        ,  0.        ,  0.        ,  1.        ]
      ]
      intrinsics:
        fx: 991.086
        fy: 1008.54185756891
        cx: 997.695111737993
        cy: 587.643109070594
      distortion:
        model: plumb_bob
        k1: -0.324399948479965
        k2: 0.109132105330077
        p1: 0.00102446265149952
        p2: -0.000712461043687005
        k3: -0.0172201033236056
      model: x2d_110
      width: 1920
      height: 1080
  - camera_config:
      topic: /camera/XPilot/FRONT_WIDE/compressed_image
      frame_id: FRONT_WIDE
      pose:
        x: 2.12580257
        y: -0.03914535
        z: 1.40030114
        roll: -1.57506076165347
        pitch: 0.009919202670029832
        yaw: -1.5595618225004886
      tovcs: [
        [ 0.01123372, -0.0043755 ,  0.99992862,  2.12580257],
        [-0.99988768,  0.00987037,  0.01127624, -0.03914535],
        [-0.00991904, -0.99994158, -0.00426421,  1.40030114],
        [ 0.        ,  0.        ,  0.        ,  1.        ]
      ]
      intrinsics:
        fx: 2370.16431786252
        fy: 2418.77818008987
        cx: 1893.16125504979
        cy: 1082.15796064321
      distortion:
        model: plumb_bob
        k1: -0.583663269819123
        k2: 0.394647247750942
        p1: 0.000172218354656801
        p2: 0.00294307669517897
        k3: -0.140870039830228
      model: x8b_120
      width: 3840
      height: 2160
  - camera_config:
      topic: /camera/XPilot/BACK/compressed_image
      frame_id: BACK
      pose:
        x: -7.83071354e-01
        y: 8.06004533e-02
        z: 1.55017583e+00
        roll: -1.6328236147617476
        pitch: 0.0204085610231157
        yaw: 1.571385808067046
      tovcs: [
        [-5.89358475e-04,  6.19993438e-02, -9.98075662e-01,
         -7.83071354e-01],
        [ 9.99791570e-01, -2.03313760e-02, -1.85339423e-03,
          8.06004533e-02],
        [-2.04071442e-02, -9.97868814e-01, -6.19745967e-02,
          1.55017583e+00],
        [ 0.00000000e+00,  0.00000000e+00,  0.00000000e+00,
          1.00000000e+00]
      ]
      intrinsics:
        fx: 1916.71959810794
        fy: 1920.44132969298
        cx: 990.628485249895
        cy: 642.162383598722
      distortion:
        model: plumb_bob
        k1: -0.522514324644906
        k2: 0.281740154179452
        p1: 0.000717966183073831
        p2: -0.00260567986310616
        k3: -0.101454654349524
      model: x3c_60
      width: 1920
      height: 1280
  - camera_config:
      topic: /camera/XPilot/FISHEYE_FRONT/compressed_image
      frame_id: FISHEYE_FRONT
      pose:
        x: 3.71155761
        y: -0.05113014
        z: 1.02787541
        roll: -1.8954943212766655
        pitch: 0.024896674375195743
        yaw: -1.5248608571910753
      tovcs: [
        [ 0.0459051 , -0.31976959,  0.94638276,  3.71155761],
        [-0.99863593,  0.00891911,  0.0514534 , -0.05113014],
        [-0.02489411, -0.9474528 , -0.31892351,  1.02787541],
        [ 0.        ,  0.        ,  0.        ,  1.        ]
      ]
      intrinsics:
        fx: 511.1132345851535
        fy: 511.6208690024168
        cx: 958.9391739649164
        cy: 751.6544669713547
      distortion:
        model: fisheye
        k1: 0.12692315812460725
        k2: -0.03266450872995375
        p1: -0.0001529935400953131
        p2: 0.0003423679591936347
      model: x3j
      width: 1920
      height: 1536
  - camera_config:
      topic: /camera/XPilot/FISHEYE_BACK/compressed_image
      frame_id: FISHEYE_BACK
      pose:
        x: -1.14359874
        y: 0.08857239
        z: 1.22057223
        roll: -2.1217330443160036
        pitch: -0.031581358833129805
        yaw: 1.5588474188680495
      tovcs: [
        [ 0.01194267,  0.52376833, -0.85177672, -1.14359874],
        [ 0.99943044,  0.02064713,  0.02670903,  0.08857239],
        [ 0.03157612, -0.85160932, -0.52322432,  1.22057223],
        [ 0.        ,  0.        ,  0.        ,  1.        ]
      ]
      intrinsics:
        fx: 507.79174414331067
        fy: 509.0783740100924
        cx: 958.7112934691224
        cy: 769.9512230580134
      distortion:
        model: fisheye
        k1: 0.14577175173646487
        k2: -0.04802941175240184
        p1: 0.006316924517232715
        p2:  -0.0006752036599112596
      model: x3j
      width: 1920
      height: 1536
  - camera_config:
      topic: /camera/XPilot/FISHEYE_LEFT/compressed_image
      frame_id: FISHEYE_LEFT
      pose:
        x: 2.14700147
        y: 1.36119522
        z: 0.83441739
        roll: -1.9715169441773028
        pitch: -0.04104868401994769
        yaw: 0.034585501214287544
      tovcs: [
        [ 0.99856009,  0.0512522 , -0.01584096,  2.14700147],
        [ 0.03454948, -0.38854221,  0.92078367,  1.36119522],
        [ 0.04103716, -0.92000375, -0.38975306,  0.83441739],
        [ 0.        ,  0.        ,  0.        ,  1.        ]
      ]
      intrinsics:
        fx: 510.39088246694877
        fy: 511.0853390962757
        cx: 955.1384331749032
        cy: 771.1897290806197
      distortion:
        model: fisheye
        k1: 0.13095765620703761
        k2: -0.03127101183404685
        p1: -0.0028301250514606376
        p2: 0.0011589471806678615
      model: x3j
      width: 1920
      height: 1536
  - camera_config:
      topic: /camera/XPilot/FISHEYE_RIGHT/compressed_image
      frame_id: FISHEYE_RIGHT
      pose:
        x: 2.1873839
        y: -1.01610056
        z: 1.11655234
        roll: -2.000006226112096
        pitch: -0.11723157726838929
        yaw: -3.1341454542564247
      tovcs: [
        [-0.9931085 , -0.1094503 , -0.04190162,  2.1873839 ],
        [-0.00739601,  0.41534941, -0.9096319 , -1.01610056],
        [ 0.11696321, -0.9030533 , -0.41329596,  1.11655234],
        [ 0.        ,  0.        ,  0.        ,  1.        ]
      ]
      intrinsics:
        fx: 509.343806827854
        fy: 510.4204272469948
        cx: 951.8840351458083
        cy: 769.971617715843
      distortion:
        model: fisheye
        k1: 0.13220875078564787
        k2: -0.036400853645020284
        p1: 0.001264641788002667
        p2: 9.205552455345849e-05
      model: x3j
      width: 1920
      height: 1536