radar:
  base_radar_config:
    file_name: ori_radar.bin
    radars:
      - radar_config:
          topic: /rs/front_radar
          calibration:
            x: 3.4
            y: 0
            yaw: 0.027
      # - radar_config:
      #     topic: /rs/back_radar
      #     calibration:
      #       yaw: 0
      #       y: 0
      #       x: 0
gps:
  calibration:
    roll: 0
    y: 0
    x: 0
    z: -0.15
    yaw: 0
    pitch: 0
  topic: /rs/gps
rtk_odom:
  topic: /rs/odom
imu:
  topic: /rs/imu
lidar:
  - lidar_config:
      frame_id: /middle_lidar
      model: RS128
      calibration:
        z: 2.026953
        x: 1
        y: 0
        roll: -0.04761401191353798
        pitch: 0.002960997207222319
        yaw: -1.582533121109009
      tovcs: [
        [-0.01173647,  0.99879952,  0.04755803,  1.],
        [-0.99992674, -0.0115823 , -0.00351605,  0.],
        [-0.00296099, -0.04759581,  0.99886229,  2.026953],
        [ 0.        ,  0.        ,  0.        ,  1.]
      ]
      packet_topic: /middle/rslidar_packets
      is_base: true
      difop_packet_topic: /middle/rslidar_packets_difop
  - lidar_config:
      calibration:
        x: 1.125386
        y: 0.688901
        z: 1.784533
        roll: -1.256333
        pitch: 0.050433
        yaw: -0.03431500000000002
      tovcs: [
        [ 0.99814057, -0.03729958,  0.04820932,  1.125386  ],
        [-0.03426464,  0.31076879,  0.94986772,  0.688901  ],
        [-0.05041162, -0.94975339,  0.30891288,  1.784533  ],
        [ 0.        ,  0.        ,  0.        ,  1.        ]
      ]
      packet_topic: /left/rslidar_packets
      difop_packet_topic: /left/rslidar_packets_difop
      frame_id: /left_lidar
      model: RSBP
  - lidar_config:
      packet_topic: /right/rslidar_packets
      calibration:
        x: 1.258
        y: -0.7960000000000002
        z: 1.678
        roll: 1.247
        pitch: 0.04500000000000001
        yaw: 0.003999999999999993
      tovcs: [
        [ 0.99897968,  0.04137414,  0.01810474,  1.258     ],
        [ 0.00399594,  0.31833594, -0.94796955, -0.796     ],
        [-0.04498481,  0.94707466,  0.3178458 ,  1.678     ],
        [ 0.        ,  0.        ,  0.        ,  1.        ]
      ]
      model: RSBP
      frame_id: /right_lidar
      difop_packet_topic: /right/rslidar_packets_difop
camera:
  - camera_config:
      topic: /camera/XFV/FRONT/compressed_image
      frame_id: FRONT
      pose:
        x: 1.58227253
        y: -0.01706382
        z: 1.40295039
        roll: -1.5733502091605132
        pitch: 0.0057262672822895955
        yaw: -1.5673855207949843
        qx: -0.5000618
        qy: 0.50121369
        qz: -0.49707093
        qw: 0.50164093
      tovcs: [
          [ 0.00341074, -0.0025734 ,  0.99999087,  1.58227253],
          [-0.99997779,  0.00571747,  0.00342541, -0.01706382],
          [-0.00572624, -0.99998034, -0.00255384,  1.40295039],
          [ 0.        ,  0.        ,  0.        ,  1.        ]
      ]
      intrinsics:
        fx: 1013.13099958178
        fy: 1019.58415956928
        cx: 960.199484519181
        cy: 618.011509455934
      distortion:
        model: pinhole
        params: [-0.313384200433767, 0.102306205053649, 0.00135145584114838, 0.000371235451780160, -0.0156055209660406]
      model: x2d_110
      width: 1920
      height: 1080
  - camera_config:
      topic: /camera/XPilot/FRONT_WIDE/compressed_image
      frame_id: FRONT_WIDE
      pose:
        x: 2.04879833
        y: 0.01892143
        z: 1.46826009
        roll: -1.5831813702646043
        pitch: 0.034003804249943474
        yaw: -1.582582569450066
        qx: -0.49154345
        qy: 0.51436724
        qz: -0.491239
        qw: 0.5024891
      tovcs: [
          [-0.01177916, -0.01198321,  0.99985882,  2.04879833],
          [-0.99935251,  0.03413825, -0.01136405,  0.01892143],
          [-0.03399725, -0.99934528, -0.01237757,  1.46826009],
          [ 0.        ,  0.        ,  0.        ,  1.        ]
      ]
      intrinsics:
        fx: 2.4474172492391594e+03
        fy: 2.4542230225077788e+03
        cx: 1.9147082630694997e+03
        cy: 1.0768132987499198e+03
      distortion:
        model: kb
        params: [-3.5418589069940698e-01,2.5236334385103737e-01,-1.9595223394280298e-01,6.8640794085757031e-02]
      model: x8b_120
      width: 3840
      height: 2160
  - camera_config:
      topic: /camera/XPilot/BACK/compressed_image
      frame_id: BACK
      pose:
        x: -1.18472062
        y: 0.01116506
        z: 1.60969009
        roll: -1.5944171295973901
        pitch: -0.001572101515916044
        yaw: 1.5937180515243397
        qx: 0.4996461
        qy: 0.51201791
        qz: -0.49929628
        qw: -0.48876706
      tovcs: [
          [-2.29196893e-02,  2.35763799e-02, -9.99459275e-01, -1.18472062e+00],
          [ 9.99736073e-01,  2.11258124e-03, -2.28762029e-02,  1.11650640e-02],
          [ 1.57210087e-03, -9.99719806e-01, -2.36185772e-02,  1.60969009e+00],
          [ 0.00000000e+00,  0.00000000e+00,  0.00000000e+00,  1.00000000e+00]
      ]
      intrinsics:
        fx: 1916.71959810794
        fy: 1920.44132969298
        cx: 990.628485249895
        cy: 642.162383598722
      distortion:
        model: pinhole
        params: [-0.522514324644906, 0.281740154179452, 0.000717966183073831, -0.00260567986310616, -0.101454654349524]
      model: x3c_60
      width: 1920
      height: 1280
  - camera_config:
      topic: /camera/XPilot/FISHEYE_FRONT/compressed_image
      frame_id: FISHEYE_FRONT
      pose:
        x: 3.87088002
        y: 0.00857949
        z: 1.00747798
        roll: -1.9056998573641337
        pitch: 0.024393888925207944
        yaw: -1.5162909891117473
        qx: 0.58692954
        qy: -0.5655116
        qz: 0.39110768
        qw: -0.42748615
      tovcs: [
          [ 0.05446215, -0.32944494,  0.94260273,  3.87088002],
          [-0.99821788,  0.00509628,  0.05945668,  0.00857949],
          [-0.02439147, -0.94416103, -0.32858027,  1.00747798],
          [ 0.        ,  0.        ,  0.        ,  1.        ]
      ]
      intrinsics:
        fx: 5.0533987111183433e+02
        fy: 5.0644296257717929e+02
        cx: 9.6135999404986990e+02
        cy: 7.5671334671897330e+02
      distortion:
        model: kb
        params: [1.4116484254571396e-01,-4.8090756013973633e-02,6.6609124365530270e-03,-7.4646099870688629e-04]
      model: x3j
      width: 1920
      height: 1536
  - camera_config:
      topic: /camera/XPilot/FISHEYE_BACK/compressed_image
      frame_id: FISHEYE_BACK
      pose:
        x: -0.80613322
        y: 0.18946278
        z: 1.2276281
        roll: -2.095762728259661
        pitch: -0.13246110070961029
        yaw: 1.3870426245550047
        qx: 0.64364692
        qy: 0.57802686
        qz: -0.27445295
        qw: -0.4198556
      tovcs: [
        [ 0.18112069,  0.51362943, -0.83867759, -0.80613322],
        [ 0.97455207,  0.02078799,  0.22319527,  0.18946278],
        [ 0.13207408, -0.85776026, -0.49679348,  1.2276281 ],
        [ 0.        ,  0.        ,  0.        ,  1.        ]
      ]
      intrinsics:
        fx: 5.1145200419471985e+02
        fy: 5.1262368784960472e+02
        cx: 9.5897814169398839e+02
        cy: 7.7038690566839773e+02
      distortion:
        model: kb
        params: [1.2704602719923558e-01,-3.5984369076313603e-02,2.3273294480192076e-03,-1.9088619108659826e-04]
      model: x3j
      width: 1920
      height: 1536
  - camera_config:
      topic: /camera/XPilot/FISHEYE_LEFT/compressed_image
      frame_id: FISHEYE_LEFT
      pose:
        x: 2.34430666
        y: 0.7465171
        z:  1.15207432
        roll: -1.997948662953913
        pitch: -0.04875884245974201
        yaw: 0.03341679311288373
        qx: -0.8403293
        qy: -0.0272357
        qz: -0.01145728
        qw: 0.54127161
      tovcs: [
          [ 0.9982539 ,  0.05817683, -0.01022804,  2.34430666],
          [ 0.03337087, -0.4125673 ,  0.91031567,  0.7465171 ],
          [ 0.04873952, -0.90906748, -0.41378832,  1.15207432],
          [ 0.        ,  0.        ,  0.        ,  1.        ]
      ]
      intrinsics:
        fx: 5.1224639935577909e+02
        fy: 5.1269000742982939e+02
        cx: 9.5503571729895168e+02
        cy: 7.7226224426898773e+02
      distortion:
        model: kb
        params: [1.3736794170279085e-01,-4.4142788035980943e-02,4.1103837713314306e-03,-2.0741177587516339e-04]
      model: x3j
      width: 1920
      height: 1536
  - camera_config:
      topic: /camera/XPilot/FISHEYE_RIGHT/compressed_image
      frame_id: FISHEYE_RIGHT
      pose:
        x: 2.45179629
        y: -0.98963948
        z: 1.03124368
        roll: -1.9905211211560085
        pitch: -0.12862949877080157
        yaw: -3.0957322260542854
        qx: -0.05416689
        qy: 0.83614396
        qz: -0.54425225
        qw: -0.04144866
      tovcs: [
          [-0.99069591, -0.13569978, -0.01035319,  2.45179629],
          [-0.04546562,  0.40171044, -0.91463741, -0.98963948],
          [ 0.12827508, -0.90565683, -0.40414256,  1.03124368],
          [ 0.        ,  0.        ,  0.        ,  1.        ]
      ]
      intrinsics:
        fx: 5.0691863090585372e+02
        fy: 5.0756882927240309e+02
        cx: 9.5312517219682593e+02
        cy: 7.7017712688297888e+02
      distortion:
        model: kb
        params: [1.3177920120549891e-01,-3.9632101799888381e-02,2.9189194021459939e-03,-1.9837928701740390e-04]
      model: x3j
      width: 1920
      height: 1536
